mean: [0.69993023, 0.56738328, 0.73796977]
std: [0.18114442, 0.22689858, 0.19253005]