mean: [0.70478431, 0.57330757, 0.74134993]
std: [0.1786614, 0.22592805, 0.19027899]