mean: [0.7086122, 0.57940589, 0.74443979]
std: [0.17838684, 0.2262404, 0.18940197]