mean: [0.7060574, 0.57358614, 0.74187895]
std: [0.17623058, 0.22447168, 0.18872788]